5, 1, 
all evidence are 3 blips
1 million samples

================Rejection sampling==========
Using fixed random seed for repeatability.
Using expmt.modular.RejectionSumSamplerForPoisson
sampling for 1 evidences
fraction of consistent worlds: 0.128496
1	0.01581372182791682
2	0.11691414518739883
3	0.2451982941103225
4	0.26659973851326113
5	0.19074523720582742
6	0.10210434566056531
7	0.04317644129000125
8	0.014016000498069978
9	0.004015689204333209
10	0.001136222139210559
11	2.4125264599676255E-4
12	7.782343419250405E-6
13	3.112937367700162E-5
sampling for 2 evidences
fraction of consistent worlds: 0.021516
1	0.006042015244469233
2	0.12479085331846068
3	0.32510689719278674
4	0.31130321621119167
5	0.16336679680237962
6	0.053309165272355456
7	0.012595277932701246
8	0.0030210076222346163
9	4.182933630786392E-4
10	4.6477040342071015E-5
sampling for 3 evidences
fraction of consistent worlds: 0.003995
1	0.0022528160200250315
2	0.12615769712140176
3	0.3937421777221527
4	0.32590738423028787
5	0.1211514392991239
6	0.025782227784730914
7	0.00425531914893617
8	7.50938673341677E-4
sampling for 4 evidences
fraction of consistent worlds: 7.73E-4
1	0.00258732212160414
2	0.11254851228978008
3	0.49676584734799484
4	0.2975420439844761
5	0.07632600258732213
6	0.014230271668822769
sampling for 5 evidences
fraction of consistent worlds: 1.49E-4
2	0.10067114093959731
3	0.48322147651006714
4	0.3624161073825503
5	0.053691275167785234
sampling for 6 evidences
fraction of consistent worlds: 2.9E-5
2	0.034482758620689655
3	0.6206896551724138
4	0.3448275862068966
sampling for 7 evidences
fraction of consistent worlds: 1.4E-5
2	0.14285714285714285
3	0.42857142857142855
4	0.42857142857142855
sampling for 8 evidences
fraction of consistent worlds: 3.0E-6
3	1.0
sampling for 9 evidences
fraction of consistent worlds: 0.0


============Region Based block sampler==========
Using fixed random seed for repeatability.
Using expmt.modular.RangeSumSamplerForPoisson
sampling for 1 evidences
fraction of consistent worlds: 0.7411930115739929
1	0.01605329951843671
2	0.11857291743365465
3	0.2439660330651812
4	0.2663481587631465
5	0.1911572912345346
6	0.10132579353051757
7	0.042289798317939754
8	0.014742722876994947
9	0.004237785474836417
10	0.0010325848945937131
11	2.216914633095688E-4
12	4.3356847105011214E-5
13	7.674688594216205E-6
14	7.752833270499661E-7
15	1.1229984997681004E-7
16	3.6639894941410033E-9
17	6.119775957965787E-10
18	3.045396399065723E-11
sampling for 2 evidences
fraction of consistent worlds: 0.5914563375064688
1	0.0058403964051079085
2	0.12658952477739846
3	0.3263232638175594
4	0.31112839425789524
5	0.15990684764797664
6	0.054137197244493944
7	0.013199873325401084
8	0.0024135030960720674
9	4.056324937095132E-4
10	5.0209091838725244E-5
11	4.63237956757446E-6
12	5.030360938138209E-7
13	2.1265178313813024E-8
14	1.1572780442043387E-9
15	3.914147734022425E-12
16	1.305926010479771E-12
17	2.9609199371365465E-14
18	1.9652520841323904E-15
19	2.9916866300920473E-18
sampling for 3 evidences
fraction of consistent worlds: 0.49159868929059336
1	0.0019178767175422884
2	0.1237055172092662
3	0.3964907132811309
4	0.325781303810964
5	0.12190075476327497
6	0.02617171247400314
7	0.0036231274890398085
8	3.738707110527507E-4
9	3.293195697637091E-5
10	2.0893903440839668E-6
11	9.991243216683976E-8
12	2.25878421302192E-9
13	2.4264017042729043E-11
14	4.389559102402196E-13
15	1.7898083488020213E-15
16	2.556055336298812E-13
17	6.315464209183131E-19
18	1.0011763562610315E-21
sampling for 4 evidences
fraction of consistent worlds: 0.4210392456493219
1	6.122897324575864E-4
2	0.114883505889754
3	0.4549020498633841
4	0.32898031930238725
5	0.08755675518556107
6	0.012009952932608528
7	9.942912262499088E-4
8	5.8512256980793394E-5
9	2.2666146380549644E-6
10	5.4316642448032784E-8
11	2.6688805432824817E-9
12	1.0599001669953722E-11
13	4.046905366488723E-14
14	1.704841820454448E-16
15	4.1294907194173015E-18
16	1.4954385356254297E-21
17	7.337262391054608E-26
18	1.4797657484476048E-27
19	6.083105421668036E-29
sampling for 5 evidences
fraction of consistent worlds: 0.3673909891677097
1	1.8692909448403964E-4
2	0.10360543757921667
3	0.5097385414234828
4	0.3194031949013182
5	0.061365572253538586
6	0.005435042922651015
7	2.580728643546534E-4
8	7.05330852591344E-6
9	1.5393333778357026E-7
10	1.7119267084224767E-9
11	6.561197007225191E-12
12	6.943720612714388E-14
13	8.685352232486875E-17
14	6.782362347847475E-20
15	1.8246557945546486E-22
16	2.3797814191362814E-24
17	9.83698764849832E-31
18	4.523878644231585E-35
sampling for 6 evidences
fraction of consistent worlds: 0.3265825448626787
1	5.589799657983671E-5
2	0.08846286269059117
3	0.5602233168593568
4	0.3069891761672222
5	0.041955036077144625
6	0.002245032212335544
7	6.78197323816306E-5
8	8.448494748162806E-7
9	1.3385648247050568E-8
10	2.976193940496344E-11
11	2.645383417724474E-13
12	8.638933825891078E-17
13	8.637726407292806E-19
14	3.932418081903819E-21
15	1.395763147274274E-27
16	3.5888380613288666E-30
17	1.5070432380235076E-32
18	4.09609324954027E-40
20	2.129286945106709E-44
sampling for 7 evidences
fraction of consistent worlds: 0.2935752128210199
1	1.6415947987841582E-5
2	0.07877538805619842
3	0.6039994840790249
4	0.28798371860763144
5	0.028243348396821143
6	9.669186910697811E-4
7	1.461788298121654E-5
8	1.0791616440396806E-7
9	4.2094133031176776E-10
10	4.2614008793246995E-13
11	1.417210548691956E-15
12	3.2616558196419716E-19
13	2.5344752781057433E-22
14	7.017209058647222E-27
15	1.449641601808798E-25
16	2.4589098901396523E-34
17	1.6494919039892E-39
18	6.338676351945426E-41
19	5.644477476058549E-46
sampling for 8 evidences
fraction of consistent worlds: 0.26684259434128266
1	4.844537891662274E-6
2	0.06993032769803233
3	0.64370474995597
4	0.2669370689239327
5	0.019011459740193838
6	4.0740562311210755E-4
7	4.126819711555912E-6
8	1.668265460589199E-8
9	1.8106603636856965E-11
10	8.294241441508769E-13
11	1.1231013655587793E-18
12	1.089502345239806E-21
13	9.680491903174988E-26
14	1.3096338918211789E-30
15	1.3182852102644995E-35
16	2.001617952454147E-39
17	6.860221413132416E-44
18	3.2263651318580174E-51
19	5.219545359308084E-54
sampling for 9 evidences
fraction of consistent worlds: 0.24472502420086634
1	1.4152156135770889E-6
2	0.05707790204172626
3	0.6779712555656054
4	0.25192026039737897
5	0.012856314119229275
6	1.7193363553231783E-4
7	9.173177955508922E-7
8	1.6907520084469461E-9
9	1.6636437777014572E-11
10	1.4211086982972457E-15
11	2.647125242386675E-18
12	8.746662108506933E-24
13	6.200948152975886E-29
14	1.9008797053330898E-33
15	2.6172946086331555E-37
16	3.0896625761682617E-45
17	5.459959635007729E-50
18	7.184257658292409E-57
21	6.528949922272652E-67


====================Rescaling based sampler===========
Using fixed random seed for repeatability.
Using expmt.modular.RescalingSumSamplerForPoisson
sampling for 1 evidences
fraction of consistent worlds: 0.6973052288684602
1	0.016052702868387028
2	0.11807802207538683
3	0.24433104534152045
4	0.26652056001371527
5	0.19139588723662024
6	0.10107018442671804
7	0.04238013840078167
8	0.014442375133727562
9	0.004392447332580353
10	0.001033345648981778
11	2.5030145662533463E-4
12	4.419864859937863E-5
13	7.721078427057953E-6
14	1.0703377162859092E-6
sampling for 2 evidences
fraction of consistent worlds: 0.5499370859508935
1	0.0058603950723543526
2	0.12749705957462504
3	0.32623484931984786
4	0.31024551582894977
5	0.15992068458569067
6	0.05410972889770964
7	0.013206461247282386
8	0.0024939120518324364
9	3.7755561090720857E-4
10	4.8451992954257785E-5
11	4.830885633271755E-6
12	4.964606776079964E-7
13	5.720973701975907E-8
14	8.006570985228423E-10
15	4.5997446570604477E-10
sampling for 3 evidences
fraction of consistent worlds: 0.45415829496885846
1	0.0019374469783174952
2	0.12399767115879513
3	0.3940922258077354
4	0.3285211192704562
5	0.1216553736502966
6	0.025683023703904274
7	0.0036928373211518708
8	3.873191616700087E-4
9	3.085229958747437E-5
10	2.0300275015017846E-6
11	9.638594853725658E-8
12	3.94363535721022E-9
13	2.83733480567868E-10
14	4.884626912978466E-12
15	2.0727465144442443E-13
sampling for 4 evidences
fraction of consistent worlds: 0.3871269006410309
1	6.096442251773619E-4
2	0.1142534745931713
3	0.45433219491212185
4	0.3309733239312476
5	0.08684838854088646
6	0.011949078567218673
7	9.745185667860137E-4
8	5.703109317024822E-5
9	2.2691247863989753E-6
10	7.421207820933843E-8
11	2.18883513861994E-9
12	4.1778438186277765E-11
13	1.221090149393917E-12
14	7.663531983785017E-15
15	1.9787041656026018E-16
sampling for 5 evidences
fraction of consistent worlds: 0.3369593903371676
1	1.8779234823148672E-4
2	0.10382941060398772
3	0.5081488999081838
4	0.3198063604099301
5	0.06244021038148027
6	0.005317717844686993
7	2.61228522173726E-4
8	8.199826414550493E-6
9	1.7723565052729208E-7
10	2.8844351184810083E-9
11	3.713064416381908E-11
12	3.962143770130492E-13
13	4.8274481213244686E-15
14	3.954456412952414E-17
sampling for 6 evidences
fraction of consistent worlds: 0.29845902566196564
1	5.615230617140961E-5
2	0.09157350456755588
3	0.5594214192160151
4	0.3046113796176743
5	0.0419464943350932
6	0.0023231949290950797
7	6.674408060686043E-5
8	1.0987591146101186E-6
9	1.2078433689793824E-8
10	1.0837070248346205E-10
11	6.513050315936525E-13
12	2.7185818107498665E-15
13	2.1675516322545053E-17
14	1.7460996423820817E-20
sampling for 7 evidences
fraction of consistent worlds: 0.267992388459289
1	1.6538462839981066E-5
2	0.07945295559907964
3	0.6014860949617695
4	0.28965764164088936
5	0.028392063333676425
6	9.783499333666326E-4
7	1.6199830424764437E-5
8	1.553278551027771E-7
9	9.071146847467944E-10
10	3.583808557939001E-12
11	1.2609691988727308E-14
12	2.0651104065159255E-17
13	7.489504698877502E-20
14	1.301196759510174E-22
sampling for 8 evidences
fraction of consistent worlds: 0.24308587319010172
1	4.826621953816451E-6
2	0.06791708016458485
3	0.6466526412926403
4	0.266071081230681
5	0.018927031146874156
6	4.230709715521485E-4
7	4.247496973799799E-6
8	2.1004698704609315E-8
9	6.845244127169059E-11
10	1.3456303576226614E-13
11	1.926087100749212E-16
12	2.451067355804524E-19
13	6.201250868798908E-23
14	9.325275893841599E-26
15	2.974973483408545E-29
sampling for 9 evidences
fraction of consistent worlds: 0.2223781737527257
1	1.4132735443954691E-6
2	0.05857598947021049
3	0.6802983064875844
4	0.248202951010004
5	0.012738005479071536
6	1.823214438970668E-4
7	1.010004775839996E-6
8	2.8260470272007786E-9
9	4.777508438554457E-12
10	5.420065357663062E-15
11	3.2893763370742688E-18
12	2.2242568811786976E-21
13	1.6827877101672845E-24
14	2.675216613401227E-28


============Rescaling only the variables above evidence ===========
Using fixed random seed for repeatability.
Using expmt.modular.RescalingSumSamplerForPoissonOneStep
sampling for 1 evidences
fraction of consistent worlds: 0.7226727539369392
1	0.016049169659335595
2	0.11794396340506136
3	0.24398931951105415
4	0.2665339372182869
5	0.1917565321882547
6	0.10117438282317763
7	0.04243824531064548
8	0.014545169671303081
9	0.0042091816581897225
10	0.0010669399245680138
11	2.3543799498025367E-4
12	4.765253938733447E-5
13	8.42326890647197E-6
14	1.404632281823199E-6
15	2.0542239298673713E-7
16	2.7948370442573387E-8
17	6.293210714325051E-9
18	5.335719125543386E-10
sampling for 2 evidences
fraction of consistent worlds: 0.5672886088572077
1	0.005923046787150449
2	0.12677272052717845
3	0.32638370724573423
4	0.31089280701237015
5	0.15998173176107544
6	0.053983348717484385
7	0.013148483654538207
8	0.002482099286277435
9	3.783110424717756E-4
10	4.802955933622201E-5
11	5.155541200032864E-6
12	5.122533486077111E-7
13	4.321284066782445E-8
14	3.166739666396172E-9
15	2.170790994890745E-10
16	1.3852733868489896E-11
17	7.313406950010449E-13
18	5.894439715713295E-14
19	2.1120123643482626E-15
20	2.41671952147758E-16
21	6.774713033593679E-17
sampling for 3 evidences
fraction of consistent worlds: 0.4671843343372531
1	0.0019585878882465322
2	0.12345781435450374
3	0.3961159346556342
4	0.3268955147799712
5	0.12127494828009211
6	0.026148135767966905
7	0.0037306245223943458
8	3.857469894183764E-4
9	3.061947818827199E-5
10	1.961682366211625E-6
11	1.0678042156388424E-7
12	4.615161511311902E-9
13	1.9827374302986525E-10
14	6.537534985675345E-12
15	2.0925316084482298E-13
16	6.916087117730458E-15
17	1.3522268777370517E-16
18	8.180104100565903E-19
sampling for 4 evidences
fraction of consistent worlds: 0.3968308135550552
1	6.108750900496011E-4
2	0.1158788331512249
3	0.45391639946769086
4	0.3291232069737036
5	0.08751373519402246
6	0.011904953094834575
7	9.933213244740305E-4
8	5.62518238608391E-5
9	2.345039599122084E-6
10	7.673510523457526E-8
11	2.062100476500544E-9
12	4.3684491485525486E-11
13	7.66339382115984E-13
14	1.1663151123770152E-14
15	1.763027039776022E-16
16	2.3603011964725873E-18
17	8.060344454275331E-21
18	1.9574048188790242E-22
20	6.840511614066856E-26
sampling for 5 evidences
fraction of consistent worlds: 0.3453931694857603
1	1.8648727705650455E-4
2	0.10379392149312502
3	0.5083618954863839
4	0.321057616857257
5	0.06104670099261529
6	0.005288370574214639
7	2.568669754220461E-4
8	7.961840200512299E-6
9	1.7562419070434917E-7
10	2.8422994667006358E-9
11	3.722156463093144E-11
12	3.631221105962191E-13
13	3.4241850639774168E-15
14	2.4901111091103635E-17
15	1.5712093348152507E-19
16	9.817379993236901E-22
17	5.540276648324819E-24
18	3.5626828099498244E-26
sampling for 6 evidences
fraction of consistent worlds: 0.30539640002226043
1	5.6740488401049315E-5
2	0.09167800725958745
3	0.557767157424021
4	0.3057425930210224
5	0.04236494828869858
6	0.002322906494091892
7	6.649677924687457E-5
8	1.1373728917292201E-6
9	1.2762097934660666E-8
10	1.0913211229265612E-10
11	6.651831114094221E-13
12	3.4242677955299165E-15
13	1.3303963947339162E-17
14	4.587808346204581E-20
15	1.4848748706069766E-22
16	2.8981801482433297E-25
17	4.981118994845803E-28
18	1.8655539598590735E-30
19	1.8747202173838596E-33
sampling for 7 evidences
fraction of consistent worlds: 0.27357501907980136
1	1.6753230134599447E-5
2	0.07991237484044661
3	0.6019913465937711
4	0.2882814355954077
5	0.02877884615186579
6	0.001002501496113443
7	1.6585025836885546E-5
8	1.5612100912716938E-7
9	9.40252106122164E-10
10	3.9300388600571125E-12
11	1.2156057562383163E-14
12	2.7071901700690085E-17
13	5.335278354693798E-20
14	7.410889276682276E-23
15	1.1618719774279777E-25
16	1.196008605962592E-28
17	1.2372223619198934E-31
18	4.831660502634333E-35
19	9.051227864499027E-38
20	2.7431042296223966E-41
sampling for 8 evidences
fraction of consistent worlds: 0.2480335438061343
1	4.8577795886540725E-6
2	0.06817598382148046
3	0.6443389636044781
4	0.26775005065072244
5	0.019296836234046138
6	4.291520159910685E-4
7	4.134301810179986E-6
8	2.1524968615889328E-8
9	6.691453225805265E-11
10	1.4068107011632602E-13
11	2.0971243918670912E-16
12	2.3328824642548933E-19
13	2.0971567569713317E-22
14	1.4363092559181823E-25
15	8.658674577399053E-29
16	4.256817741117151E-32
17	2.9804885693678093E-35
18	1.352523691162311E-38
19	2.533068049934813E-42
sampling for 9 evidences
fraction of consistent worlds: 0.2266230415108218
1	1.397043667667933E-6
2	0.05770969822458335
3	0.6810234831686215
4	0.24862201303512027
5	0.01246226849193134
6	1.8014300049918168E-4
7	9.941601330801861E-7
8	2.8712099222978677E-9
9	4.724543476655966E-12
10	5.0591566033016485E-15
11	3.709257496818944E-18
12	1.959758311954938E-21
13	7.970827491396125E-25
14	2.641823847310387E-28
15	6.546342289110723E-32
16	1.3485116547229258E-35
17	2.7457319717489114E-39
18	5.203427299547968E-43
19	7.489665712033348E-47
21	6.358714713830129E-54
